814700197702125321,inspect,male,inspect@tom.com,130959178522,2010-11-05 19:55:56
317500197306253552,buy,female,buy@tom.com,134504984866,2010-11-08 01:34:19
